2024-07-16 11:45:49.096415 
 
 Basic Statistics:

              user_id           steps  calories_burned     distance_km  active_minutes     sleep_hours  heart_rate_avg
count  1000000.000000  1000000.000000   1000000.000000  1000000.000000  1000000.000000  1000000.000000  1000000.000000
mean       499.550302    15005.767061      2750.008148        9.994465      719.418241        6.000228      119.458316
std        288.166608     8659.195341       721.473950        5.774298      415.894771        3.463977       34.654034
min          1.000000        0.000000      1500.000000        0.000000        0.000000        0.000000       60.000000
25%        250.000000     7492.000000      2125.517500        4.990000      359.000000        3.000000       89.000000
50%        499.000000    15020.000000      2748.310000        9.990000      719.000000        6.000000      119.000000
75%        749.000000    22507.000000      3375.190000       14.990000     1080.000000        9.000000      149.000000
max        999.000000    29999.000000      4000.000000       20.000000     1439.000000       12.000000      179.000000